function prn18eph()
global e_18
global TOE_18
global I_0_18
global OMEGA_DOT_18
global SQRT_A_18
global OMEGA_0_18
global OMEGA_18
global M_0_18
global DELTA_N_18
global I_DOT_18
global CUC_18
global CUS_18
global CRC_18
global CRS_18
global CIC_18
global CIS_18
global T_GD_18
global T_OC_18
global af0_18
global af1_18
global af2_18
%%
e_18 = 2.413269365E-03              
TOE_18 = 2.232000000E+05              
I_0_18 = 9.623381022E-01              
OMEGA_DOT_18 = -7.848541372E-09              
SQRT_A_18 = 5.153658587E+03              
OMEGA_0_18 = -6.341002322E-02              
OMEGA_18 = 2.867267878E+00              
M_0_18 = -1.370242204E-01              
DELTA_N_18 = 4.244105511E-09              
I_DOT_18 = 1.878649736E-10              
CUC_18 = -3.576278687E-07              
CUS_18 = 1.175329089E-05              
CRC_18 = 1.553750000E+02              
CRS_18 = -6.375000000E+00              
CIC_18 = 1.862645149E-08              
CIS_18 = -1.862645149E-08              
T_GD_18 = -1.024454832E-08              
T_OC_18 = 2.232000000E+05              
af0_18 = -7.540313527E-05              
af1_18 = -2.273736754E-13              
af2_18 = 0.000000000E+00       
end