function prn6eph()
%% 
e_6 = 6.769447704E-03;
TOE_6 = 2.159840000E+05;
I_0_6 = 9.428108478E-01;
OMEGA_DOT_6 = -8.717505828E-09;
SQRT_A_6 = 5.153632212E+03;            
OMEGA_0_6 = -2.210295732E+00;           
OMEGA_6 = -2.238004734E+00;            
M_0_6 = 2.119302211E-02;            
DELTA_N_6 = 5.244504386E-09;             
I_DOT_6 = 3.157274442E-10;             
CUC_6 = 3.650784492E-06;             
CUS_6 = 3.496184945E-06;             
CRC_6 = 3.032500000E+02;             
CRS_6 = 6.825000000E+01;             
CIC_6 = 3.725290298E-09;             
CIS_6 = 1.378357410E-07;             
T_GD_6 = -4.656612873E-09;             
T_OC_6 = 2.159840000E+05;            
af0_6 = -8.875504136E-07;             
af1_6 = -1.136868377E-13;             
af2_6 = 0.000000000E+00;        
end